100
225028 607884 643 1971
115560 6424 688 1567
0 0 1000 10000
426919 118710 182 9919
0 0 10 5
379384 513372 415 9959
288079 209909 258 4528
717787 645028 992 7554
654127 902578 460 9946
9977 638311 728 1367
881063 236165 530 8306
969484 604218 557 9938
561699 509207 295 9957
338261 890053 552 1706
803729 251272 141 9909
477072 0 618 1
560800 120824 626 9969
780944 716402 387 9974
649483 675755 793 9910
0 772602 211 3826
950909 90181 385 9992
440120 289707 76 7439
650061 777262 339 1337
284205 531071 870 9974
76985 580934 382 2759
989643 72018 911 49
702651 976186 78 9973
76564 10994 856 9950
557785 569578 247 5793
489255 976149 6 5350
283382 780287 984 8726
913653 117510 471 9969
22352 93108 136 9938
948257 897201 707 6557
305846 723394 177 3999
682433 734455 31 1098
375854 474400 451 4913
324976 609689 206 943
113779 341483 253 6062
176528 522523 932 9994
443819 978597 38 9944
252517 522569 474 9917
0 0 100 199
430989 216168 449 7200
452445 818141 643 9947
361201 474831 830 9944
920456 970421 266 9994
586739 0 803 3760
924670 43634 507 9901
796426 164446 804 1515
978837 933444 901 7324
794497 160461 848 9929
747042 785222 842 4035
0 54769 799 1
384058 217182 442 7658
393970 310703 22 1849
443624 610380 506 9971
629046 848847 69 5372
215317 622744 105 9969
661702 959563 296 7643
671484 166387 383 606
783698 964323 814 5641
62275 369457 870 9981
379517 506094 406 9916
435076 872442 222 9999
166081 566676 457 9923
102543 946607 57 978
425044 879404 945 9992
893798 199472 504 9946
994243 407625 945 9986
387711 437512 350 3714
117579 871109 875 4526
584942 82317 57 5261
819918 975287 695 9955
228919 24681 135 9994
314981 822910 179 9921
95316 123756 794 7334
475658 535398 368 9988
198677 214342 499 2886
265995 0 866 1
60085 838323 496 9946
898135 596519 970 9990
602233 719068 77 7709
0 0 805 1
262324 286519 254 2260
124544 419287 381 9916
0 0 214 6195
580265 688632 198 6256
741439 889253 914 9915
16352 766920 208 4227
503160 460733 594 9997
255827 342643 961 9993
641295 130070 400 6657
571094 202489 48 9966
561593 373760 71 9985
391206 388337 292 9595
855080 395717 204 9975
989313 291615 242 6707
334939 272301 830 7983
947002 920 531 3055
